
init_param = [30.9552817, 0.219658602, 29.02614526, 18.2698955, 1.69275761, 7.81484479]
w = [1, 0.02, 0.75, 0.75, 0.3, 0.5]
[[-24.13996068  31.04822031   0.23740841  28.71753721  18.3215602
    1.45974477   7.61864982]]
init_param = [30.9552817, 0.219658602, 29.02614526, 18.2698955, 1.69275761, 7.81484479]
w = [1, 0.02, 0.75, 0.75, 0.3, 0.5]
[[-24.73098034  30.45375346   0.31644266 ...  17.04920899   0.08202895
    2.68429701]
 [-24.5719905   30.45375346   0.31164729 ...  17.08504516   0.21289265
    2.49077535]
 [-25.20626068  30.05261687   0.31813285 ...  17.08948581   0.2749894
    2.65975835]
 ...
 [-24.1146482   29.91866533   0.24478289 ...  16.69762568   0.96760525
    2.25195564]
 [-24.69507733  29.91866533   0.25168962 ...  16.57090515   1.06850337
    2.25460143]
 [-24.21136499  29.754881     0.25449286 ...  16.48778605   0.99944668
    2.16748906]]
init_param = [30.9552817, 0.219658602, 29.02614526, 18.2698955, 1.69275761, 7.81484479]
w = [1, 0.02, 0.75, 0.75, 0.3, 0.5]
[[-22.59622983  30.72648672   0.19592389  28.86017268  18.22046763
    1.84706497   8.02324232]
 [-22.60952515  30.72648672   0.19578095  28.88521294  18.22046763
    1.71411435   7.97492824]
 [-23.09306266  30.82297198   0.20232107  29.06488644  18.1916371
    1.61179318   7.95741923]
 [-22.74894829  30.60966692   0.20543095  29.27684911  18.1916371
    1.48375497   8.05659445]
 [-23.80756886  30.89090714   0.20295347  29.51700497  18.15833435
    1.3806239    8.02052714]]
init_param = [30.9552817, 0.219658602, 29.02614526, 18.2698955, 1.69275761, 7.81484479]
w = [1, 0.02, 0.75, 0.75, 0.3, 0.5]
[[-25.48567826  30.93721694   0.20990995  29.6065362   18.44873368
    1.66008906   7.86993354]
 [-26.54625637  30.93721694   0.20304438  29.44159894  18.53404766
    1.5353843    7.63857463]
 [-24.47085443  30.94449551   0.20537229  29.20663513  18.33092356
    1.49123666   7.65189393]
 [-23.93370851  31.0536003    0.20859192  29.23770256  18.33092356
    1.35457197   7.48534795]
 [-24.35132497  31.0536003    0.20508914  29.43614835  18.48776353
    1.35256285   7.28949656]]
init_param = [30.9552817, 0.219658602, 29.02614526, 18.2698955, 1.69275761, 7.81484479]
w = [1, 0.02, 0.75, 0.75, 0.3, 0.5]
[[-24.6515273   31.388046     0.219213    29.69029725  18.60323735
    1.72003977   7.49753382]
 [-24.56111232  31.388046     0.22064735  30.03134521  18.86302536
    1.68522735   7.38409154]
 [-24.99138073  31.388046     0.22690266  29.90138704  19.04489616
    1.74369604   7.56557667]
 [-24.90366568  31.388046     0.21880913  29.955746    19.04489616
    1.6786701    7.4372709 ]
 [-25.00238183  31.3861021    0.21123685  29.61010015  19.06379369
    1.73863393   7.51056085]]
init_param = [30.9552817, 0.219658602, 29.02614526, 18.2698955, 1.69275761, 7.81484479]
w = [1, 0.02, 0.75, 0.75, 0.3, 0.5]
[[-24.16058669  31.06114591   0.20171893  28.97912769  18.09611894
    1.70464422   7.15503192]
 [-24.07898535  30.83612879   0.20049998  28.96258754  17.81389159
    1.77389796   7.20954233]
 [-24.97614651  30.82377232   0.19830476  28.91000365  18.17287397
    1.83912566   7.32130882]
 [-24.86223933  30.82377232   0.18881108  28.91000365  18.17287397
    1.70851848   7.55160825]
 [-24.61097516  31.29661837   0.19698809  28.79498816  18.36694805
    1.56536713   7.67511703]]
init_param = [30.9552817, 0.219658602, 29.02614526, 18.2698955, 1.69275761, 7.81484479]
w = [1, 0.02, 0.75, 0.75, 0.3, 0.5]
[[-25.08111173  34.43247149   0.16263383 ...  20.36728044   1.47887452
   11.01198449]
 [-23.88281582  34.56425235   0.17094617 ...  20.32006835   1.37496189
   11.00453961]
 [-25.31038044  34.56425235   0.16266483 ...  20.01131198   1.50341126
   10.82681886]
 ...
 [-24.45461295  35.04199001   0.15486473 ...  21.40293652   0.83271353
   13.98166978]
 [-24.59271504  35.04199001   0.15278145 ...  21.11212154   0.93799163
   13.75752382]
 [-24.49377882  35.04199001   0.15443681 ...  21.20344433   0.96175347
   13.85259177]]
init_param = [12.6, 5e-07, 8, 2, 0.8, 1]
w = [0.75, 0.02, 0.5, 0.5, 0.3, 0.5]
[[-1.88553517e+02  3.23730354e+01  1.79698999e-02 ...  2.12128561e+01
   8.96765415e-01  1.16163664e+01]
 [-4.39393724e+02  3.23730354e+01  9.22860928e-03 ...  2.12128561e+01
   7.51486541e-01  1.14795997e+01]
 [-3.52154467e+02  3.23730354e+01  1.05734067e-02 ...  2.12128561e+01
   7.40584860e-01  1.13285389e+01]
 ...
 [-3.54312614e+01  3.51833220e+01  5.40873933e-02 ...  2.41849852e+01
   4.75053081e+00  7.73915959e+00]
 [-3.30375606e+01  3.51833220e+01  5.28119197e-02 ...  2.40538386e+01
   4.73138276e+00  7.73915959e+00]
 [-3.52030243e+01  3.51833220e+01  4.75991480e-02 ...  2.41675041e+01
   4.61796113e+00  7.64629395e+00]]
init_param = [30.9552817, 0.219658602, 29.02614526, 18.2698955, 1.69275761, 7.81484479]
w = [0.75, 0.02, 0.5, 0.5, 0.3, 0.5]
[[-2.49967404e+01  3.63487893e+01  8.25669017e-02 ...  2.33432941e+01
   4.80579376e+00  1.70730907e+00]
 [-2.56625650e+01  3.63487893e+01  8.34801292e-02 ...  2.33575890e+01
   4.93040825e+00  1.87162472e+00]
 [-1.06356479e+01  3.63435328e+01  7.97950291e-02 ...  2.35307701e+01
   5.03588983e+00  1.87162472e+00]
 ...
 [-2.31196338e+01  3.51779888e+01  3.42920741e-01 ...  2.31739953e+01
   1.08131307e+01  3.70511181e+00]
 [-3.34760183e+03  3.51779888e+01  3.41044004e-01 ...  2.31739953e+01
   1.08333098e+01  3.84289423e+00]
 [-2.08836344e+01  3.55432461e+01  3.42322862e-01 ...  2.33710565e+01
   1.08963832e+01  3.84289423e+00]]